number_transactions: 25
duration_time: [482.622569ms, 353.490841ms, 476.825691ms, 495.400449ms, 432.152009ms, 505.710203ms, 437.103669ms, 499.832619ms, 535.679797ms, 577.76298ms, 475.15322ms, 586.124847ms, 529.477551ms, 547.214207ms, 572.007712ms, 601.068251ms, 583.500745ms, 589.630448ms, 880.554203ms, 555.801331ms, 695.366561ms, 761.393344ms, 657.77306ms, 752.400545ms, 902.984026ms]
vec_amount: ["0.914", "0.410", "0.263", "0.717", "0.679", "0.321", "0.625", "0.80", "0.499", "0.927", "0.911", "0.338", "0.947", "0.892", "0.73", "0.884", "0.334", "0.423", "0.234", "0.258", "0.910", "0.837", "0.891", "0.212", "0.967"])