number_transactions: 5
duration_time: [617.163437ms, 461.195568ms, 469.473078ms, 492.101597ms, 510.23043ms]
vec_amount: ["0.39", "0.70", "0.40", "0.19", "0.54"])