number_transactions: 10
duration_time: [205.770489ms, 134.906141ms, 132.213965ms, 132.154812ms, 143.806013ms, 129.84913ms, 149.622257ms, 144.269682ms, 152.844239ms, 133.25542ms]
vec_amount: ["0.331", "0.118", "0.246", "0.510", "0.213", "0.445", "0.533", "0.126", "0.918", "0.780"])