number_transactions: 10
duration_time: [341.257111ms, 472.824657ms, 439.274078ms, 397.987483ms, 445.072791ms, 445.688259ms, 386.341388ms, 435.090035ms, 439.072248ms, 413.349958ms]
vec_amount: ["0.105", "0.642", "0.754", "0.542", "0.697", "0.891", "0.46", "0.301", "0.592", "0.965"])